8523
6 8524 1 8522 1 8525 2 8521 2 8526 3 8520 3 
6927
6 6928 1 6926 1 6929 2 6925 2 6930 3 6924 3 
12141
6 12142 1 12140 1 12143 2 12139 2 12144 3 12138 3 
1488
6 1489 1 1487 1 1490 2 1486 2 1491 3 1485 3 
4354
6 4355 1 4353 1 4356 2 4352 2 4357 3 4351 3 
8131
6 8132 1 8130 1 8133 2 8129 2 8134 3 8128 3 
9105
6 9106 1 9104 1 9107 2 9103 2 9108 3 9102 3 
3461
6 3462 1 3460 1 3463 2 3459 2 3464 3 3458 3 
2379
6 2380 1 2378 1 2381 2 2377 2 2382 3 2376 3 
361
6 362 1 360 1 363 2 359 2 364 3 358 3 
6912
6 6913 1 6911 1 6914 2 6910 2 6915 3 6909 3 
7792
6 7793 1 7791 1 7794 2 7790 2 7795 3 7789 3 
6328
6 6329 1 6327 1 6330 2 6326 2 6331 3 6325 3 
9627
6 9628 1 9626 1 9629 2 9625 2 9630 3 9624 3 
8256
6 8257 1 8255 1 8258 2 8254 2 8259 3 8253 3 
527
6 528 1 526 1 529 2 525 2 530 3 524 3 
8707
6 8708 1 8706 1 8709 2 8705 2 8710 3 8704 3 
3854
6 3855 1 3853 1 3856 2 3852 2 3857 3 3851 3 
3593
6 3594 1 3592 1 3595 2 3591 2 3596 3 3590 3 
515
6 516 1 514 1 517 2 513 2 518 3 512 3 
8891
6 8892 1 8890 1 8893 2 8889 2 8894 3 8888 3 
9985
6 9986 1 9984 1 9987 2 9983 2 9988 3 9982 3 
3556
6 3557 1 3555 1 3558 2 3554 2 3559 3 3553 3 
2772
6 2773 1 2771 1 2774 2 2770 2 2775 3 2769 3 
12289
6 12290 1 12288 1 12291 2 12287 2 12292 3 12286 3 
1988
6 1989 1 1987 1 1990 2 1986 2 1991 3 1985 3 
5921
6 5922 1 5920 1 5923 2 5919 2 5924 3 5918 3 
9255
6 9256 1 9254 1 9257 2 9253 2 9258 3 9252 3 
5817
6 5818 1 5816 1 5819 2 5815 2 5820 3 5814 3 
8102
6 8103 1 8101 1 8104 2 8100 2 8105 3 8099 3 
50
6 51 1 49 1 52 2 48 2 53 3 47 3 
10259
6 10260 1 10258 1 10261 2 10257 2 10262 3 10256 3 
8471
6 8472 1 8470 1 8473 2 8469 2 8474 3 8468 3 
6313
6 6314 1 6312 1 6315 2 6311 2 6316 3 6310 3 
11770
6 11771 1 11769 1 11772 2 11768 2 11773 3 11767 3 
1780
6 1781 1 1779 1 1782 2 1778 2 1783 3 1777 3 
2025
6 2026 1 2024 1 2027 2 2023 2 2028 3 2022 3 
6337
6 6338 1 6336 1 6339 2 6335 2 6340 3 6334 3 
4023
6 4024 1 4022 1 4025 2 4021 2 4026 3 4020 3 
12067
6 12068 1 12066 1 12069 2 12065 2 12070 3 12064 3 
2758
6 2759 1 2757 1 2760 2 2756 2 2761 3 2755 3 
4995
6 4996 1 4994 1 4997 2 4993 2 4998 3 4992 3 
10530
6 10531 1 10529 1 10532 2 10528 2 10533 3 10527 3 
12615
6 12616 1 12614 1 12617 2 12613 2 12618 3 12612 3 
10952
6 10953 1 10951 1 10954 2 10950 2 10955 3 10949 3 
7472
6 7473 1 7471 1 7474 2 7470 2 7475 3 7469 3 
7749
6 7750 1 7748 1 7751 2 7747 2 7752 3 7746 3 
9174
6 9175 1 9173 1 9176 2 9172 2 9177 3 9171 3 
13327
6 13328 1 13326 1 13329 2 13325 2 13330 3 13324 3 
7568
6 7569 1 7567 1 7570 2 7566 2 7571 3 7565 3 
6402
6 6403 1 6401 1 6404 2 6400 2 6405 3 6399 3 
13216
6 13217 1 13215 1 13218 2 13214 2 13219 3 13213 3 
12851
6 12852 1 12850 1 12853 2 12849 2 12854 3 12848 3 
10635
6 10636 1 10634 1 10637 2 10633 2 10638 3 10632 3 
12812
6 12813 1 12811 1 12814 2 12810 2 12815 3 12809 3 
11740
6 11741 1 11739 1 11742 2 11738 2 11743 3 11737 3 
10449
6 10450 1 10448 1 10451 2 10447 2 10452 3 10446 3 
900
6 901 1 899 1 902 2 898 2 903 3 897 3 
1550
6 1551 1 1549 1 1552 2 1548 2 1553 3 1547 3 
7535
6 7536 1 7534 1 7537 2 7533 2 7538 3 7532 3 
7743
6 7744 1 7742 1 7745 2 7741 2 7746 3 7740 3 
12870
6 12871 1 12869 1 12872 2 12868 2 12873 3 12867 3 
6919
6 6920 1 6918 1 6921 2 6917 2 6922 3 6916 3 
3682
6 3683 1 3681 1 3684 2 3680 2 3685 3 3679 3 
4453
6 4454 1 4452 1 4455 2 4451 2 4456 3 4450 3 
2003
6 2004 1 2002 1 2005 2 2001 2 2006 3 2000 3 
4952
6 4953 1 4951 1 4954 2 4950 2 4955 3 4949 3 
12641
6 12642 1 12640 1 12643 2 12639 2 12644 3 12638 3 
2002
6 2003 1 2001 1 2004 2 2000 2 2005 3 1999 3 
922
6 923 1 921 1 924 2 920 2 925 3 919 3 
6046
6 6047 1 6045 1 6048 2 6044 2 6049 3 6043 3 
13560
6 13561 1 13559 1 13562 2 13558 2 13563 3 13557 3 
2366
6 2367 1 2365 1 2368 2 2364 2 2369 3 2363 3 
6010
6 6011 1 6012 2 6013 3 6014 4 6015 5 6016 6 
4433
6 4434 1 4432 1 4435 2 4431 2 4436 3 4430 3 
2559
6 2560 1 2558 1 2561 2 2557 2 2562 3 2556 3 
4677
6 4678 1 4676 1 4679 2 4675 2 4680 3 4674 3 
64
6 65 1 63 1 66 2 62 2 67 3 61 3 
6192
6 6193 1 6191 1 6194 2 6190 2 6195 3 6189 3 
1551
6 1552 1 1550 1 1553 2 1549 2 1554 3 1548 3 
7251
6 7252 1 7250 1 7253 2 7249 2 7254 3 7248 3 
1041
6 1042 1 1040 1 1043 2 1039 2 1044 3 1038 3 
2021
6 2022 1 2020 1 2023 2 2019 2 2024 3 2018 3 
868
6 869 1 867 1 870 2 866 2 871 3 865 3 
6198
6 6199 1 6197 1 6200 2 6196 2 6201 3 6195 3 
4851
6 4852 1 4850 1 4853 2 4849 2 4854 3 4848 3 
11543
6 11544 1 11542 1 11545 2 11541 2 11546 3 11540 3 
4947
6 4948 1 4946 1 4949 2 4945 2 4950 3 4944 3 
9296
6 9297 1 9295 1 9298 2 9294 2 9299 3 9293 3 
6845
6 6846 1 6844 1 6847 2 6843 2 6848 3 6842 3 
694
6 695 1 693 1 696 2 692 2 697 3 691 3 
9571
6 9572 1 9570 1 9573 2 9569 2 9574 3 9568 3 
11179
6 11180 1 11178 1 11181 2 11177 2 11182 3 11176 3 
2407
6 2408 1 2406 1 2409 2 2405 2 2410 3 2404 3 
5494
6 5495 1 5493 1 5496 2 5492 2 5497 3 5491 3 
3884
6 3885 1 3883 1 3886 2 3882 2 3887 3 3881 3 
3293
6 3294 1 3292 1 3295 2 3291 2 3296 3 3290 3 
4971
6 4972 1 4970 1 4973 2 4969 2 4974 3 4968 3 
7869
6 7870 1 7868 1 7871 2 7867 2 7872 3 7866 3 
7047
6 7048 1 7046 1 7049 2 7045 2 7050 3 7044 3 
2451
6 2452 1 2450 1 2453 2 2449 2 2454 3 2448 3 
5025
6 5026 1 5024 1 5027 2 5023 2 5028 3 5022 3 
11698
6 11699 1 11697 1 11700 2 11696 2 11701 3 11695 3 
5148
6 5149 1 5147 1 5150 2 5146 2 5151 3 5145 3 
12909
6 12910 1 12908 1 12911 2 12907 2 12912 3 12906 3 
11323
6 11324 1 11322 1 11325 2 11321 2 11326 3 11320 3 
621
6 622 1 620 1 623 2 619 2 624 3 618 3 
5583
6 5584 1 5582 1 5585 2 5581 2 5586 3 5580 3 
9257
6 9258 1 9256 1 9259 2 9255 2 9260 3 9254 3 
3470
6 3471 1 3469 1 3472 2 3468 2 3473 3 3467 3 
2151
6 2152 1 2150 1 2153 2 2149 2 2154 3 2148 3 
7712
6 7713 1 7711 1 7714 2 7710 2 7715 3 7709 3 
7871
6 7872 1 7870 1 7873 2 7869 2 7874 3 7868 3 
11201
6 11202 1 11200 1 11203 2 11199 2 11204 3 11198 3 
5623
6 5624 1 5622 1 5625 2 5621 2 5626 3 5620 3 
1756
6 1757 1 1755 1 1758 2 1754 2 1759 3 1753 3 
11572
6 11573 1 11571 1 11574 2 11570 2 11575 3 11569 3 
8128
6 8129 1 8127 1 8130 2 8126 2 8131 3 8125 3 
6433
6 6434 1 6432 1 6435 2 6431 2 6436 3 6430 3 
10062
6 10063 1 10061 1 10064 2 10060 2 10065 3 10059 3 
7392
6 7393 1 7391 1 7394 2 7390 2 7395 3 7389 3 
6762
6 6763 1 6761 1 6764 2 6760 2 6765 3 6759 3 
3007
6 3008 1 3006 1 3009 2 3005 2 3010 3 3004 3 
778
6 779 1 777 1 780 2 776 2 781 3 775 3 
4648
6 4649 1 4647 1 4650 2 4646 2 4651 3 4645 3 
9264
6 9265 1 9263 1 9266 2 9262 2 9267 3 9261 3 
10552
6 10553 1 10551 1 10554 2 10550 2 10555 3 10549 3 
11511
6 11512 1 11510 1 11513 2 11509 2 11514 3 11508 3 
2247
6 2248 1 2246 1 2249 2 2245 2 2250 3 2244 3 
7342
6 7343 1 7341 1 7344 2 7340 2 7345 3 7339 3 
3834
6 3835 1 3833 1 3836 2 3832 2 3837 3 3831 3 
8986
6 8987 1 8985 1 8988 2 8984 2 8989 3 8983 3 
4602
6 4603 1 4601 1 4604 2 4600 2 4605 3 4599 3 
5460
6 5461 1 5459 1 5462 2 5458 2 5463 3 5457 3 
3061
6 3062 1 3060 1 3063 2 3059 2 3064 3 3058 3 
13599
6 13600 1 13598 1 13601 2 13597 2 13602 3 13596 3 
12298
6 12299 1 12297 1 12300 2 12296 2 12301 3 12295 3 
6275
6 6276 1 6274 1 6277 2 6273 2 6278 3 6272 3 
13544
6 13545 1 13543 1 13546 2 13542 2 13547 3 13541 3 
1578
6 1579 1 1577 1 1580 2 1576 2 1581 3 1575 3 
1884
6 1885 1 1883 1 1886 2 1882 2 1887 3 1881 3 
278
6 279 1 277 1 280 2 276 2 281 3 275 3 
6276
6 6277 1 6275 1 6278 2 6274 2 6279 3 6273 3 
8208
6 8209 1 8207 1 8210 2 8206 2 8211 3 8205 3 
3947
6 3948 1 3946 1 3949 2 3945 2 3950 3 3944 3 
1191
6 1192 1 1190 1 1193 2 1189 2 1194 3 1188 3 
1955
6 1956 1 1954 1 1957 2 1953 2 1958 3 1952 3 
13204
6 13205 1 13203 1 13206 2 13202 2 13207 3 13201 3 
5897
6 5898 1 5896 1 5899 2 5895 2 5900 3 5894 3 
12697
6 12698 1 12696 1 12699 2 12695 2 12700 3 12694 3 
3542
6 3543 1 3541 1 3544 2 3540 2 3545 3 3539 3 
3957
6 3958 1 3956 1 3959 2 3955 2 3960 3 3954 3 
11701
6 11702 1 11700 1 11703 2 11699 2 11704 3 11698 3 
3341
6 3342 1 3340 1 3343 2 3339 2 3344 3 3338 3 
4251
6 4252 1 4250 1 4253 2 4249 2 4254 3 4248 3 
7617
6 7618 1 7616 1 7619 2 7615 2 7620 3 7614 3 
11259
6 11260 1 11258 1 11261 2 11257 2 11262 3 11256 3 
2672
6 2673 1 2671 1 2674 2 2670 2 2675 3 2669 3 
9761
6 9762 1 9760 1 9763 2 9759 2 9764 3 9758 3 
9295
6 9296 1 9294 1 9297 2 9293 2 9298 3 9292 3 
7851
6 7852 1 7850 1 7853 2 7849 2 7854 3 7848 3 
5993
6 5994 1 5992 1 5995 2 5991 2 5996 3 5990 3 
10175
6 10176 1 10174 1 10177 2 10173 2 10178 3 10172 3 
3826
6 3827 1 3825 1 3828 2 3824 2 3829 3 3823 3 
4422
6 4423 1 4421 1 4424 2 4420 2 4425 3 4419 3 
13773
6 13774 1 13772 1 13775 2 13771 2 13776 3 13770 3 
9961
6 9962 1 9960 1 9963 2 9959 2 9964 3 9958 3 
4360
6 4361 1 4359 1 4362 2 4358 2 4363 3 4357 3 
1541
6 1542 1 1540 1 1543 2 1539 2 1544 3 1538 3 
13546
6 13547 1 13545 1 13548 2 13544 2 13549 3 13543 3 
7595
6 7596 1 7594 1 7597 2 7593 2 7598 3 7592 3 
11537
6 11538 1 11536 1 11539 2 11535 2 11540 3 11534 3 
8314
6 8315 1 8313 1 8316 2 8312 2 8317 3 8311 3 
4058
6 4059 1 4057 1 4060 2 4056 2 4061 3 4055 3 
6777
6 6778 1 6776 1 6779 2 6775 2 6780 3 6774 3 
8061
6 8062 1 8060 1 8063 2 8059 2 8064 3 8058 3 
9169
6 9170 1 9168 1 9171 2 9167 2 9172 3 9166 3 
6518
6 6519 1 6517 1 6520 2 6516 2 6521 3 6515 3 
6881
6 6882 1 6880 1 6883 2 6879 2 6884 3 6878 3 
3004
6 3005 1 3003 1 3006 2 3002 2 3007 3 3001 3 
9586
6 9587 1 9585 1 9588 2 9584 2 9589 3 9583 3 
12939
6 12940 1 12938 1 12941 2 12937 2 12942 3 12936 3 
329
6 330 1 328 1 331 2 327 2 332 3 326 3 
7243
6 7244 1 7242 1 7245 2 7241 2 7246 3 7240 3 
5584
6 5585 1 5583 1 5586 2 5582 2 5587 3 5581 3 
249
6 250 1 248 1 251 2 247 2 252 3 246 3 
445
6 446 1 444 1 447 2 443 2 448 3 442 3 
12760
6 12761 1 12759 1 12762 2 12758 2 12763 3 12757 3 
1405
6 1406 1 1404 1 1407 2 1403 2 1408 3 1402 3 
9896
6 9897 1 9895 1 9898 2 9894 2 9899 3 9893 3 
6571
6 6572 1 6570 1 6573 2 6569 2 6574 3 6568 3 
2405
6 2406 1 2404 1 2407 2 2403 2 2408 3 2402 3 
11771
6 11772 1 11770 1 11773 2 11769 2 11774 3 11768 3 
13631
6 13632 1 13630 1 13633 2 13629 2 13634 3 13628 3 
5104
6 5105 1 5103 1 5106 2 5102 2 5107 3 5101 3 
9650
6 9651 1 9649 1 9652 2 9648 2 9653 3 9647 3 
2771
6 2772 1 2770 1 2773 2 2769 2 2774 3 2768 3 
5423
6 5424 1 5422 1 5425 2 5421 2 5426 3 5420 3 
11639
6 11640 1 11638 1 11641 2 11637 2 11642 3 11636 3 
1502
6 1503 1 1501 1 1504 2 1500 2 1505 3 1499 3 
8486
6 8487 1 8485 1 8488 2 8484 2 8489 3 8483 3 
11317
6 11318 1 11316 1 11319 2 11315 2 11320 3 11314 3 
2126
6 2127 1 2125 1 2128 2 2124 2 2129 3 2123 3 
4242
6 4243 1 4241 1 4244 2 4240 2 4245 3 4239 3 
11220
6 11221 1 11219 1 11222 2 11218 2 11223 3 11217 3 
10793
6 10794 1 10792 1 10795 2 10791 2 10796 3 10790 3 
7948
6 7949 1 7947 1 7950 2 7946 2 7951 3 7945 3 
11459
6 11460 1 11458 1 11461 2 11457 2 11462 3 11456 3 
4146
6 4147 1 4145 1 4148 2 4144 2 4149 3 4143 3 
7801
6 7802 1 7800 1 7803 2 7799 2 7804 3 7798 3 
11304
6 11305 1 11303 1 11306 2 11302 2 11307 3 11301 3 
12476
6 12477 1 12475 1 12478 2 12474 2 12479 3 12473 3 
1602
6 1603 1 1601 1 1604 2 1600 2 1605 3 1599 3 
5575
6 5576 1 5574 1 5577 2 5573 2 5578 3 5572 3 
6528
6 6529 1 6527 1 6530 2 6526 2 6531 3 6525 3 
10085
6 10086 1 10084 1 10087 2 10083 2 10088 3 10082 3 
5791
6 5792 1 5790 1 5793 2 5789 2 5794 3 5788 3 
1543
6 1544 1 1542 1 1545 2 1541 2 1546 3 1540 3 
283
6 284 1 282 1 285 2 281 2 286 3 280 3 
10742
6 10743 1 10741 1 10744 2 10740 2 10745 3 10739 3 
5756
6 5757 1 5755 1 5758 2 5754 2 5759 3 5753 3 
3179
6 3180 1 3178 1 3181 2 3177 2 3182 3 3176 3 
1065
6 1066 1 1064 1 1067 2 1063 2 1068 3 1062 3 
10084
6 10085 1 10083 1 10086 2 10082 2 10087 3 10081 3 
3667
6 3668 1 3666 1 3669 2 3665 2 3670 3 3664 3 
6352
6 6353 1 6351 1 6354 2 6350 2 6355 3 6349 3 
12626
6 12627 1 12625 1 12628 2 12624 2 12629 3 12623 3 
8434
6 8435 1 8433 1 8436 2 8432 2 8437 3 8431 3 
12873
6 12874 1 12872 1 12875 2 12871 2 12876 3 12870 3 
7450
6 7451 1 7449 1 7452 2 7448 2 7453 3 7447 3 
7943
6 7944 1 7942 1 7945 2 7941 2 7946 3 7940 3 
4637
6 4638 1 4636 1 4639 2 4635 2 4640 3 4634 3 
2797
6 2798 1 2796 1 2799 2 2795 2 2800 3 2794 3 
4021
6 4022 1 4020 1 4023 2 4019 2 4024 3 4018 3 
4938
6 4939 1 4937 1 4940 2 4936 2 4941 3 4935 3 
5002
6 5003 1 5001 1 5004 2 5000 2 5005 3 4999 3 
2751
6 2752 1 2750 1 2753 2 2749 2 2754 3 2748 3 
5371
6 5372 1 5370 1 5373 2 5369 2 5374 3 5368 3 
12009
6 12010 1 12008 1 12011 2 12007 2 12012 3 12006 3 
13227
6 13228 1 13226 1 13229 2 13225 2 13230 3 13224 3 
3861
6 3862 1 3860 1 3863 2 3859 2 3864 3 3858 3 
7737
6 7738 1 7736 1 7739 2 7735 2 7740 3 7734 3 
1198
6 1199 1 1197 1 1200 2 1196 2 1201 3 1195 3 
5472
6 5473 1 5471 1 5474 2 5470 2 5475 3 5469 3 
11764
6 11765 1 11763 1 11766 2 11762 2 11767 3 11761 3 
12446
6 12447 1 12445 1 12448 2 12444 2 12449 3 12443 3 
13647
6 13648 1 13646 1 13649 2 13645 2 13650 3 13644 3 
13638
6 13639 1 13637 1 13640 2 13636 2 13641 3 13635 3 
10683
6 10684 1 10682 1 10685 2 10681 2 10686 3 10680 3 
7546
6 7547 1 7545 1 7548 2 7544 2 7549 3 7543 3 
1714
6 1715 1 1713 1 1716 2 1712 2 1717 3 1711 3 
8619
6 8620 1 8618 1 8621 2 8617 2 8622 3 8616 3 
1892
6 1893 1 1891 1 1894 2 1890 2 1895 3 1889 3 
6695
6 6696 1 6694 1 6697 2 6693 2 6698 3 6692 3 
1056
6 1057 1 1055 1 1058 2 1054 2 1059 3 1053 3 
13079
6 13080 1 13078 1 13081 2 13077 2 13082 3 13076 3 
9429
6 9430 1 9428 1 9431 2 9427 2 9432 3 9426 3 
13719
6 13720 1 13718 1 13721 2 13717 2 13722 3 13716 3 
504
6 505 1 503 1 506 2 502 2 507 3 501 3 
507
6 508 1 506 1 509 2 505 2 510 3 504 3 
8597
6 8598 1 8596 1 8599 2 8595 2 8600 3 8594 3 
10049
6 10050 1 10048 1 10051 2 10047 2 10052 3 10046 3 
12136
6 12137 1 12135 1 12138 2 12134 2 12139 3 12133 3 
3566
6 3567 1 3565 1 3568 2 3564 2 3569 3 3563 3 
7111
6 7112 1 7110 1 7113 2 7109 2 7114 3 7108 3 
3338
6 3339 1 3337 1 3340 2 3336 2 3341 3 3335 3 
5063
6 5064 1 5062 1 5065 2 5061 2 5066 3 5060 3 
2850
6 2851 1 2849 1 2852 2 2848 2 2853 3 2847 3 
8876
6 8877 1 8875 1 8878 2 8874 2 8879 3 8873 3 
13344
6 13345 1 13343 1 13346 2 13342 2 13347 3 13341 3 
5490
6 5491 1 5489 1 5492 2 5488 2 5493 3 5487 3 
287
6 288 1 286 1 289 2 285 2 290 3 284 3 
5714
6 5715 1 5713 1 5716 2 5712 2 5717 3 5711 3 
933
6 934 1 932 1 935 2 931 2 936 3 930 3 
12934
6 12935 1 12933 1 12936 2 12932 2 12937 3 12931 3 
2033
6 2034 1 2032 1 2035 2 2031 2 2036 3 2030 3 
187
6 188 1 186 1 189 2 185 2 190 3 184 3 
8962
6 8963 1 8961 1 8964 2 8960 2 8965 3 8959 3 
3974
6 3975 1 3973 1 3976 2 3972 2 3977 3 3971 3 
8272
6 8273 1 8271 1 8274 2 8270 2 8275 3 8269 3 
623
6 624 1 622 1 625 2 621 2 626 3 620 3 
5195
6 5196 1 5194 1 5197 2 5193 2 5198 3 5192 3 
10776
6 10777 1 10775 1 10778 2 10774 2 10779 3 10773 3 
4176
6 4177 1 4175 1 4178 2 4174 2 4179 3 4173 3 
8862
6 8863 1 8861 1 8864 2 8860 2 8865 3 8859 3 
168
6 169 1 167 1 170 2 166 2 171 3 165 3 
13202
6 13203 1 13201 1 13204 2 13200 2 13205 3 13199 3 
1618
6 1619 1 1617 1 1620 2 1616 2 1621 3 1615 3 
3499
6 3500 1 3498 1 3501 2 3497 2 3502 3 3496 3 
8880
6 8881 1 8879 1 8882 2 8878 2 8883 3 8877 3 
10886
6 10887 1 10885 1 10888 2 10884 2 10889 3 10883 3 
13632
6 13633 1 13631 1 13634 2 13630 2 13635 3 13629 3 
13699
6 13700 1 13698 1 13701 2 13697 2 13702 3 13696 3 
11383
6 11384 1 11382 1 11385 2 11381 2 11386 3 11380 3 
13459
6 13460 1 13458 1 13461 2 13457 2 13462 3 13456 3 
152
6 153 1 151 1 154 2 150 2 155 3 149 3 
6700
6 6701 1 6699 1 6702 2 6698 2 6703 3 6697 3 
10511
6 10512 1 10510 1 10513 2 10509 2 10514 3 10508 3 
8212
6 8213 1 8211 1 8214 2 8210 2 8215 3 8209 3 
3005
6 3006 1 3004 1 3007 2 3003 2 3008 3 3002 3 
5701
6 5702 1 5700 1 5703 2 5699 2 5704 3 5698 3 
9843
6 9844 1 9842 1 9845 2 9841 2 9846 3 9840 3 
3937
6 3938 1 3936 1 3939 2 3935 2 3940 3 3934 3 
7693
6 7694 1 7692 1 7695 2 7691 2 7696 3 7690 3 
8331
6 8332 1 8330 1 8333 2 8329 2 8334 3 8328 3 
6890
6 6891 1 6889 1 6892 2 6888 2 6893 3 6887 3 
6823
6 6824 1 6822 1 6825 2 6821 2 6826 3 6820 3 
9402
6 9403 1 9401 1 9404 2 9400 2 9405 3 9399 3 
10369
6 10370 1 10368 1 10371 2 10367 2 10372 3 10366 3 
13447
6 13448 1 13446 1 13449 2 13445 2 13450 3 13444 3 
11876
6 11877 1 11875 1 11878 2 11874 2 11879 3 11873 3 
3528
6 3529 1 3527 1 3530 2 3526 2 3531 3 3525 3 
13248
6 13249 1 13247 1 13250 2 13246 2 13251 3 13245 3 
7410
6 7411 1 7409 1 7412 2 7408 2 7413 3 7407 3 
2739
6 2740 1 2738 1 2741 2 2737 2 2742 3 2736 3 
7611
6 7612 1 7610 1 7613 2 7609 2 7614 3 7608 3 
5571
6 5572 1 5570 1 5573 2 5569 2 5574 3 5568 3 
5234
6 5235 1 5233 1 5236 2 5232 2 5237 3 5231 3 
7130
6 7131 1 7129 1 7132 2 7128 2 7133 3 7127 3 
5268
6 5269 1 5267 1 5270 2 5266 2 5271 3 5265 3 
10988
6 10989 1 10987 1 10990 2 10986 2 10991 3 10985 3 
1445
6 1446 1 1444 1 1447 2 1443 2 1448 3 1442 3 
11648
6 11649 1 11647 1 11650 2 11646 2 11651 3 11645 3 
12890
6 12891 1 12889 1 12892 2 12888 2 12893 3 12887 3 
3728
6 3729 1 3727 1 3730 2 3726 2 3731 3 3725 3 
1184
6 1185 1 1183 1 1186 2 1182 2 1187 3 1181 3 
3863
6 3864 1 3862 1 3865 2 3861 2 3866 3 3860 3 
6868
6 6869 1 6867 1 6870 2 6866 2 6871 3 6865 3 
8127
6 8128 1 8126 1 8129 2 8125 2 8130 3 8124 3 
12795
6 12796 1 12794 1 12797 2 12793 2 12798 3 12792 3 
4212
6 4213 1 4211 1 4214 2 4210 2 4215 3 4209 3 
7196
6 7197 1 7195 1 7198 2 7194 2 7199 3 7193 3 
6353
6 6354 1 6352 1 6355 2 6351 2 6356 3 6350 3 
7918
6 7919 1 7917 1 7920 2 7916 2 7921 3 7915 3 
4883
6 4884 1 4882 1 4885 2 4881 2 4886 3 4880 3 
5884
6 5885 1 5883 1 5886 2 5882 2 5887 3 5881 3 
6098
6 6099 1 6097 1 6100 2 6096 2 6101 3 6095 3 
3660
6 3661 1 3659 1 3662 2 3658 2 3663 3 3657 3 
4230
6 4231 1 4229 1 4232 2 4228 2 4233 3 4227 3 
7922
6 7923 1 7921 1 7924 2 7920 2 7925 3 7919 3 
13766
6 13767 1 13765 1 13768 2 13764 2 13769 3 13763 3 
2475
6 2476 1 2474 1 2477 2 2473 2 2478 3 2472 3 
11799
6 11800 1 11798 1 11801 2 11797 2 11802 3 11796 3 
5061
6 5062 1 5060 1 5063 2 5059 2 5064 3 5058 3 
6677
6 6678 1 6676 1 6679 2 6675 2 6680 3 6674 3 
30
6 31 1 29 1 32 2 28 2 33 3 27 3 
3016
6 3017 1 3015 1 3018 2 3014 2 3019 3 3013 3 
465
6 466 1 464 1 467 2 463 2 468 3 462 3 
13334
6 13335 1 13333 1 13336 2 13332 2 13337 3 13331 3 
8291
6 8292 1 8290 1 8293 2 8289 2 8294 3 8288 3 
6217
6 6218 1 6216 1 6219 2 6215 2 6220 3 6214 3 
6255
6 6256 1 6254 1 6257 2 6253 2 6258 3 6252 3 
11297
6 11298 1 11296 1 11299 2 11295 2 11300 3 11294 3 
569
6 570 1 568 1 571 2 567 2 572 3 566 3 
9514
6 9515 1 9513 1 9516 2 9512 2 9517 3 9511 3 
12885
6 12886 1 12884 1 12887 2 12883 2 12888 3 12882 3 
10989
6 10990 1 10988 1 10991 2 10987 2 10992 3 10986 3 
4492
6 4493 1 4491 1 4494 2 4490 2 4495 3 4489 3 
8599
6 8600 1 8598 1 8601 2 8597 2 8602 3 8596 3 
8416
6 8417 1 8415 1 8418 2 8414 2 8419 3 8413 3 
6937
6 6938 1 6936 1 6939 2 6935 2 6940 3 6934 3 
11136
6 11137 1 11135 1 11138 2 11134 2 11139 3 11133 3 
12069
6 12070 1 12068 1 12071 2 12067 2 12072 3 12066 3 
6232
6 6233 1 6231 1 6234 2 6230 2 6235 3 6229 3 
4310
6 4311 1 4309 1 4312 2 4308 2 4313 3 4307 3 
13616
6 13617 1 13615 1 13618 2 13614 2 13619 3 13613 3 
1381
6 1382 1 1380 1 1383 2 1379 2 1384 3 1378 3 
11485
6 11486 1 11484 1 11487 2 11483 2 11488 3 11482 3 
2681
6 2682 1 2680 1 2683 2 2679 2 2684 3 2678 3 
1243
6 1244 1 1242 1 1245 2 1241 2 1246 3 1240 3 
9949
6 9950 1 9948 1 9951 2 9947 2 9952 3 9946 3 
2241
6 2242 1 2240 1 2243 2 2239 2 2244 3 2238 3 
12600
6 12601 1 12599 1 12602 2 12598 2 12603 3 12597 3 
10810
6 10811 1 10809 1 10812 2 10808 2 10813 3 10807 3 
2375
6 2376 1 2374 1 2377 2 2373 2 2378 3 2372 3 
146
6 147 1 145 1 148 2 144 2 149 3 143 3 
4666
6 4667 1 4665 1 4668 2 4664 2 4669 3 4663 3 
12994
6 12995 1 12993 1 12996 2 12992 2 12997 3 12991 3 
12267
6 12268 1 12266 1 12269 2 12265 2 12270 3 12264 3 
7526
6 7527 1 7525 1 7528 2 7524 2 7529 3 7523 3 
51
6 52 1 50 1 53 2 49 2 54 3 48 3 
3379
6 3380 1 3378 1 3381 2 3377 2 3382 3 3376 3 
3642
6 3643 1 3641 1 3644 2 3640 2 3645 3 3639 3 
2726
6 2727 1 2725 1 2728 2 2724 2 2729 3 2723 3 
4605
6 4606 1 4604 1 4607 2 4603 2 4608 3 4602 3 
4106
6 4107 1 4105 1 4108 2 4104 2 4109 3 4103 3 
3996
6 3997 1 3995 1 3998 2 3994 2 3999 3 3993 3 
13095
6 13096 1 13094 1 13097 2 13093 2 13098 3 13092 3 
9501
6 9502 1 9500 1 9503 2 9499 2 9504 3 9498 3 
715
6 716 1 714 1 717 2 713 2 718 3 712 3 
751
6 752 1 750 1 753 2 749 2 754 3 748 3 
3128
6 3129 1 3127 1 3130 2 3126 2 3131 3 3125 3 
2759
6 2760 1 2758 1 2761 2 2757 2 2762 3 2756 3 
12054
6 12055 1 12053 1 12056 2 12052 2 12057 3 12051 3 
5425
6 5426 1 5424 1 5427 2 5423 2 5428 3 5422 3 
10889
6 10890 1 10888 1 10891 2 10887 2 10892 3 10886 3 
1598
6 1599 1 1597 1 1600 2 1596 2 1601 3 1595 3 
9542
6 9543 1 9541 1 9544 2 9540 2 9545 3 9539 3 
12893
6 12894 1 12892 1 12895 2 12891 2 12896 3 12890 3 
13371
6 13372 1 13370 1 13373 2 13369 2 13374 3 13368 3 
1742
6 1743 1 1741 1 1744 2 1740 2 1745 3 1739 3 
13754
6 13755 1 13753 1 13756 2 13752 2 13757 3 13751 3 
4471
6 4472 1 4470 1 4473 2 4469 2 4474 3 4468 3 
4617
6 4618 1 4616 1 4619 2 4615 2 4620 3 4614 3 
10655
6 10656 1 10654 1 10657 2 10653 2 10658 3 10652 3 
4398
6 4399 1 4397 1 4400 2 4396 2 4401 3 4395 3 
962
6 963 1 961 1 964 2 960 2 965 3 959 3 
13117
6 13118 1 13116 1 13119 2 13115 2 13120 3 13114 3 
3454
6 3455 1 3453 1 3456 2 3452 2 3457 3 3451 3 
13714
6 13715 1 13713 1 13716 2 13712 2 13717 3 13711 3 
1168
6 1169 1 1167 1 1170 2 1166 2 1171 3 1165 3 
4949
6 4950 1 4948 1 4951 2 4947 2 4952 3 4946 3 
10757
6 10758 1 10756 1 10759 2 10755 2 10760 3 10754 3 
3588
6 3589 1 3587 1 3590 2 3586 2 3591 3 3585 3 
12063
6 12064 1 12062 1 12065 2 12061 2 12066 3 12060 3 
1814
6 1815 1 1813 1 1816 2 1812 2 1817 3 1811 3 
11561
6 11562 1 11560 1 11563 2 11559 2 11564 3 11558 3 
6460
6 6461 1 6459 1 6462 2 6458 2 6463 3 6457 3 
4834
6 4835 1 4833 1 4836 2 4832 2 4837 3 4831 3 
3769
6 3770 1 3768 1 3771 2 3767 2 3772 3 3766 3 
8999
6 9000 1 8998 1 9001 2 8997 2 9002 3 8996 3 
8620
6 8621 1 8619 1 8622 2 8618 2 8623 3 8617 3 
1418
6 1419 1 1417 1 1420 2 1416 2 1421 3 1415 3 
2836
6 2837 1 2835 1 2838 2 2834 2 2839 3 2833 3 
12383
6 12384 1 12382 1 12385 2 12381 2 12386 3 12380 3 
9189
6 9190 1 9188 1 9191 2 9187 2 9192 3 9186 3 
1679
6 1680 1 1678 1 1681 2 1677 2 1682 3 1676 3 
3342
6 3343 1 3341 1 3344 2 3340 2 3345 3 3339 3 
1162
6 1163 1 1161 1 1164 2 1160 2 1165 3 1159 3 
6274
6 6275 1 6273 1 6276 2 6272 2 6277 3 6271 3 
2286
6 2287 1 2285 1 2288 2 2284 2 2289 3 2283 3 
2318
6 2319 1 2317 1 2320 2 2316 2 2321 3 2315 3 
8654
6 8655 1 8653 1 8656 2 8652 2 8657 3 8651 3 
11024
6 11025 1 11023 1 11026 2 11022 2 11027 3 11021 3 
3962
6 3963 1 3961 1 3964 2 3960 2 3965 3 3959 3 
4878
6 4879 1 4877 1 4880 2 4876 2 4881 3 4875 3 
7863
6 7864 1 7862 1 7865 2 7861 2 7866 3 7860 3 
5552
6 5553 1 5551 1 5554 2 5550 2 5555 3 5549 3 
11615
6 11616 1 11614 1 11617 2 11613 2 11618 3 11612 3 
3549
6 3550 1 3548 1 3551 2 3547 2 3552 3 3546 3 
6461
6 6462 1 6460 1 6463 2 6459 2 6464 3 6458 3 
4123
6 4124 1 4122 1 4125 2 4121 2 4126 3 4120 3 
9939
6 9940 1 9938 1 9941 2 9937 2 9942 3 9936 3 
11255
6 11256 1 11254 1 11257 2 11253 2 11258 3 11252 3 
7182
6 7183 1 7181 1 7184 2 7180 2 7185 3 7179 3 
3318
6 3319 1 3317 1 3320 2 3316 2 3321 3 3315 3 
13745
6 13746 1 13744 1 13747 2 13743 2 13748 3 13742 3 
9593
6 9594 1 9592 1 9595 2 9591 2 9596 3 9590 3 
2440
6 2441 1 2439 1 2442 2 2438 2 2443 3 2437 3 
693
6 694 1 692 1 695 2 691 2 696 3 690 3 
7771
6 7772 1 7770 1 7773 2 7769 2 7774 3 7768 3 
6896
6 6897 1 6895 1 6898 2 6894 2 6899 3 6893 3 
12681
6 12682 1 12680 1 12683 2 12679 2 12684 3 12678 3 
5286
6 5287 1 5285 1 5288 2 5284 2 5289 3 5283 3 
11275
6 11276 1 11274 1 11277 2 11273 2 11278 3 11272 3 
8268
6 8269 1 8267 1 8270 2 8266 2 8271 3 8265 3 
11813
6 11814 1 11812 1 11815 2 11811 2 11816 3 11810 3 
5497
6 5498 1 5496 1 5499 2 5495 2 5500 3 5494 3 
13338
6 13339 1 13337 1 13340 2 13336 2 13341 3 13335 3 
1782
6 1783 1 1781 1 1784 2 1780 2 1785 3 1779 3 
8032
6 8033 1 8031 1 8034 2 8030 2 8035 3 8029 3 
7718
6 7719 1 7717 1 7720 2 7716 2 7721 3 7715 3 
6941
6 6942 1 6940 1 6943 2 6939 2 6944 3 6938 3 
3147
6 3148 1 3146 1 3149 2 3145 2 3150 3 3144 3 
8834
6 8835 1 8833 1 8836 2 8832 2 8837 3 8831 3 
1824
6 1825 1 1823 1 1826 2 1822 2 1827 3 1821 3 
1710
6 1711 1 1709 1 1712 2 1708 2 1713 3 1707 3 
6951
6 6952 1 6950 1 6953 2 6949 2 6954 3 6948 3 
6415
6 6416 1 6414 1 6417 2 6413 2 6418 3 6412 3 
5064
6 5065 1 5063 1 5066 2 5062 2 5067 3 5061 3 
11704
6 11705 1 11703 1 11706 2 11702 2 11707 3 11701 3 
8989
6 8990 1 8988 1 8991 2 8987 2 8992 3 8986 3 
6500
6 6501 1 6499 1 6502 2 6498 2 6503 3 6497 3 
820
6 821 1 819 1 822 2 818 2 823 3 817 3 
10987
6 10988 1 10986 1 10989 2 10985 2 10990 3 10984 3 
8477
6 8478 1 8476 1 8479 2 8475 2 8480 3 8474 3 
12382
6 12383 1 12381 1 12384 2 12380 2 12385 3 12379 3 
7887
6 7888 1 7886 1 7889 2 7885 2 7890 3 7884 3 
10885
6 10886 1 10884 1 10887 2 10883 2 10888 3 10882 3 
5097
6 5098 1 5096 1 5099 2 5095 2 5100 3 5094 3 
8763
6 8764 1 8762 1 8765 2 8761 2 8766 3 8760 3 
2281
6 2282 1 2280 1 2283 2 2279 2 2284 3 2278 3 
12363
6 12364 1 12362 1 12365 2 12361 2 12366 3 12360 3 
13420
6 13421 1 13419 1 13422 2 13418 2 13423 3 13417 3 
1423
6 1424 1 1422 1 1425 2 1421 2 1426 3 1420 3 
12561
6 12562 1 12560 1 12563 2 12559 2 12564 3 12558 3 
765
6 766 1 764 1 767 2 763 2 768 3 762 3 
10910
6 10911 1 10909 1 10912 2 10908 2 10913 3 10907 3 
5604
6 5605 1 5603 1 5606 2 5602 2 5607 3 5601 3 
2072
6 2073 1 2071 1 2074 2 2070 2 2075 3 2069 3 
5672
6 5673 1 5671 1 5674 2 5670 2 5675 3 5669 3 
11
6 12 1 10 1 13 2 9 2 14 3 8 3 
10617
6 10618 1 10616 1 10619 2 10615 2 10620 3 10614 3 
6308
6 6309 1 6307 1 6310 2 6306 2 6311 3 6305 3 
6980
6 6981 1 6979 1 6982 2 6978 2 6983 3 6977 3 
11855
6 11856 1 11854 1 11857 2 11853 2 11858 3 11852 3 
590
6 591 1 589 1 592 2 588 2 593 3 587 3 
7025
6 7026 1 7024 1 7027 2 7023 2 7028 3 7022 3 
9380
6 9381 1 9379 1 9382 2 9378 2 9383 3 9377 3 
8868
6 8869 1 8867 1 8870 2 8866 2 8871 3 8865 3 
12944
6 12945 1 12943 1 12946 2 12942 2 12947 3 12941 3 
10654
6 10655 1 10653 1 10656 2 10652 2 10657 3 10651 3 
10754
6 10755 1 10753 1 10756 2 10752 2 10757 3 10751 3 
4565
6 4566 1 4564 1 4567 2 4563 2 4568 3 4562 3 
11248
6 11249 1 11247 1 11250 2 11246 2 11251 3 11245 3 
3983
6 3984 1 3982 1 3985 2 3981 2 3986 3 3980 3 
2685
6 2686 1 2684 1 2687 2 2683 2 2688 3 2682 3 
6242
6 6243 1 6241 1 6244 2 6240 2 6245 3 6239 3 
6788
6 6789 1 6787 1 6790 2 6786 2 6791 3 6785 3 
8555
6 8556 1 8554 1 8557 2 8553 2 8558 3 8552 3 
10351
6 10352 1 10350 1 10353 2 10349 2 10354 3 10348 3 
4614
6 4615 1 4613 1 4616 2 4612 2 4617 3 4611 3 
12157
6 12158 1 12156 1 12159 2 12155 2 12160 3 12154 3 
1078
6 1079 1 1077 1 1080 2 1076 2 1081 3 1075 3 
1701
6 1702 1 1700 1 1703 2 1699 2 1704 3 1698 3 
2355
6 2356 1 2354 1 2357 2 2353 2 2358 3 2352 3 
8027
6 8028 1 8026 1 8029 2 8025 2 8030 3 8024 3 
13507
6 13508 1 13506 1 13509 2 13505 2 13510 3 13504 3 
6641
6 6642 1 6640 1 6643 2 6639 2 6644 3 6638 3 
3735
6 3736 1 3734 1 3737 2 3733 2 3738 3 3732 3 
8668
6 8669 1 8667 1 8670 2 8666 2 8671 3 8665 3 
13601
6 13602 1 13600 1 13603 2 13599 2 13604 3 13598 3 
2900
6 2901 1 2899 1 2902 2 2898 2 2903 3 2897 3 
5941
6 5942 1 5940 1 5943 2 5939 2 5944 3 5938 3 
2365
6 2366 1 2364 1 2367 2 2363 2 2368 3 2362 3 
5553
6 5554 1 5552 1 5555 2 5551 2 5556 3 5550 3 
5130
6 5131 1 5129 1 5132 2 5128 2 5133 3 5127 3 
2993
6 2994 1 2992 1 2995 2 2991 2 2996 3 2990 3 
13545
6 13546 1 13544 1 13547 2 13543 2 13548 3 13542 3 
339
6 340 1 338 1 341 2 337 2 342 3 336 3 
11277
6 11278 1 11276 1 11279 2 11275 2 11280 3 11274 3 
9666
6 9667 1 9665 1 9668 2 9664 2 9669 3 9663 3 
3933
6 3934 1 3932 1 3935 2 3931 2 3936 3 3930 3 
2120
6 2121 1 2119 1 2122 2 2118 2 2123 3 2117 3 
3857
6 3858 1 3856 1 3859 2 3855 2 3860 3 3854 3 
6991
6 6992 1 6990 1 6993 2 6989 2 6994 3 6988 3 
1171
6 1172 1 1170 1 1173 2 1169 2 1174 3 1168 3 
8352
6 8353 1 8351 1 8354 2 8350 2 8355 3 8349 3 
4429
6 4430 1 4428 1 4431 2 4427 2 4432 3 4426 3 
4625
6 4626 1 4624 1 4627 2 4623 2 4628 3 4622 3 
9367
6 9368 1 9366 1 9369 2 9365 2 9370 3 9364 3 
9391
6 9392 1 9390 1 9393 2 9389 2 9394 3 9388 3 
13693
6 13694 1 13692 1 13695 2 13691 2 13696 3 13690 3 
870
6 871 1 869 1 872 2 868 2 873 3 867 3 
7276
6 7277 1 7275 1 7278 2 7274 2 7279 3 7273 3 
12449
6 12450 1 12448 1 12451 2 12447 2 12452 3 12446 3 
7201
6 7202 1 7200 1 7203 2 7199 2 7204 3 7198 3 
5358
6 5359 1 5357 1 5360 2 5356 2 5361 3 5355 3 
5348
6 5349 1 5347 1 5350 2 5346 2 5351 3 5345 3 
12714
6 12715 1 12713 1 12716 2 12712 2 12717 3 12711 3 
13385
6 13386 1 13384 1 13387 2 13383 2 13388 3 13382 3 
13171
6 13172 1 13170 1 13173 2 13169 2 13174 3 13168 3 
7991
6 7992 1 7990 1 7993 2 7989 2 7994 3 7988 3 
6866
6 6867 1 6865 1 6868 2 6864 2 6869 3 6863 3 
4639
6 4640 1 4638 1 4641 2 4637 2 4642 3 4636 3 
11400
6 11401 1 11399 1 11402 2 11398 2 11403 3 11397 3 
8516
6 8517 1 8515 1 8518 2 8514 2 8519 3 8513 3 
1126
6 1127 1 1125 1 1128 2 1124 2 1129 3 1123 3 
921
6 922 1 920 1 923 2 919 2 924 3 918 3 
8192
6 8193 1 8191 1 8194 2 8190 2 8195 3 8189 3 
8381
6 8382 1 8380 1 8383 2 8379 2 8384 3 8378 3 
11119
6 11120 1 11118 1 11121 2 11117 2 11122 3 11116 3 
10209
6 10210 1 10208 1 10211 2 10207 2 10212 3 10206 3 
419
6 420 1 418 1 421 2 417 2 422 3 416 3 
12224
6 12225 1 12223 1 12226 2 12222 2 12227 3 12221 3 
5996
6 5997 1 5995 1 5998 2 5994 2 5999 3 5993 3 
11296
6 11297 1 11295 1 11298 2 11294 2 11299 3 11293 3 
432
6 433 1 431 1 434 2 430 2 435 3 429 3 
3720
6 3721 1 3719 1 3722 2 3718 2 3723 3 3717 3 
4598
6 4599 1 4597 1 4600 2 4596 2 4601 3 4595 3 
9253
6 9254 1 9252 1 9255 2 9251 2 9256 3 9250 3 
4325
6 4326 1 4324 1 4327 2 4323 2 4328 3 4322 3 
284
6 285 1 283 1 286 2 282 2 287 3 281 3 
5165
6 5166 1 5164 1 5167 2 5163 2 5168 3 5162 3 
4377
6 4378 1 4376 1 4379 2 4375 2 4380 3 4374 3 
851
6 852 1 850 1 853 2 849 2 854 3 848 3 
4710
6 4711 1 4709 1 4712 2 4708 2 4713 3 4707 3 
7989
6 7990 1 7988 1 7991 2 7987 2 7992 3 7986 3 
7454
6 7455 1 7453 1 7456 2 7452 2 7457 3 7451 3 
11250
6 11251 1 11249 1 11252 2 11248 2 11253 3 11247 3 
162
6 163 1 161 1 164 2 160 2 165 3 159 3 
998
6 999 1 997 1 1000 2 996 2 1001 3 995 3 
7005
6 7006 1 7004 1 7007 2 7003 2 7008 3 7002 3 
3900
6 3901 1 3899 1 3902 2 3898 2 3903 3 3897 3 
8646
6 8647 1 8645 1 8648 2 8644 2 8649 3 8643 3 
831
6 832 1 830 1 833 2 829 2 834 3 828 3 
2028
6 2029 1 2027 1 2030 2 2026 2 2031 3 2025 3 
5731
6 5732 1 5730 1 5733 2 5729 2 5734 3 5728 3 
2557
6 2558 1 2556 1 2559 2 2555 2 2560 3 2554 3 
342
6 343 1 341 1 344 2 340 2 345 3 339 3 
10463
6 10464 1 10462 1 10465 2 10461 2 10466 3 10460 3 
8955
6 8956 1 8954 1 8957 2 8953 2 8958 3 8952 3 
222
6 223 1 221 1 224 2 220 2 225 3 219 3 
5792
6 5793 1 5791 1 5794 2 5790 2 5795 3 5789 3 
4879
6 4880 1 4878 1 4881 2 4877 2 4882 3 4876 3 
10915
6 10916 1 10914 1 10917 2 10913 2 10918 3 10912 3 
7129
6 7130 1 7128 1 7131 2 7127 2 7132 3 7126 3 
13432
6 13433 1 13431 1 13434 2 13430 2 13435 3 13429 3 
7295
6 7296 1 7294 1 7297 2 7293 2 7298 3 7292 3 
5008
6 5009 1 5007 1 5010 2 5006 2 5011 3 5005 3 
9086
6 9087 1 9085 1 9088 2 9084 2 9089 3 9083 3 
4485
6 4486 1 4484 1 4487 2 4483 2 4488 3 4482 3 
11483
6 11484 1 11482 1 11485 2 11481 2 11486 3 11480 3 
8940
6 8941 1 8939 1 8942 2 8938 2 8943 3 8937 3 
5181
6 5182 1 5180 1 5183 2 5179 2 5184 3 5178 3 
4930
6 4931 1 4929 1 4932 2 4928 2 4933 3 4927 3 
2527
6 2528 1 2526 1 2529 2 2525 2 2530 3 2524 3 
212
6 213 1 211 1 214 2 210 2 215 3 209 3 
8376
6 8377 1 8375 1 8378 2 8374 2 8379 3 8373 3 
9108
6 9109 1 9107 1 9110 2 9106 2 9111 3 9105 3 
1122
6 1123 1 1121 1 1124 2 1120 2 1125 3 1119 3 
9518
6 9519 1 9517 1 9520 2 9516 2 9521 3 9515 3 
11597
6 11598 1 11596 1 11599 2 11595 2 11600 3 11594 3 
6294
6 6295 1 6293 1 6296 2 6292 2 6297 3 6291 3 
11714
6 11715 1 11713 1 11716 2 11712 2 11717 3 11711 3 
6223
6 6224 1 6222 1 6225 2 6221 2 6226 3 6220 3 
2676
6 2677 1 2675 1 2678 2 2674 2 2679 3 2673 3 
4608
6 4609 1 4607 1 4610 2 4606 2 4611 3 4605 3 
1178
6 1179 1 1177 1 1180 2 1176 2 1181 3 1175 3 
1642
6 1643 1 1641 1 1644 2 1640 2 1645 3 1639 3 
8237
6 8238 1 8236 1 8239 2 8235 2 8240 3 8234 3 
10198
6 10199 1 10197 1 10200 2 10196 2 10201 3 10195 3 
1983
6 1984 1 1982 1 1985 2 1981 2 1986 3 1980 3 
2470
6 2471 1 2469 1 2472 2 2468 2 2473 3 2467 3 
241
6 242 1 240 1 243 2 239 2 244 3 238 3 
5172
6 5173 1 5171 1 5174 2 5170 2 5175 3 5169 3 
11697
6 11698 1 11696 1 11699 2 11695 2 11700 3 11694 3 
5050
6 5051 1 5049 1 5052 2 5048 2 5053 3 5047 3 
3168
6 3169 1 3167 1 3170 2 3166 2 3171 3 3165 3 
10788
6 10789 1 10787 1 10790 2 10786 2 10791 3 10785 3 
7387
6 7388 1 7386 1 7389 2 7385 2 7390 3 7384 3 
3386
6 3387 1 3385 1 3388 2 3384 2 3389 3 3383 3 
11896
6 11897 1 11895 1 11898 2 11894 2 11899 3 11893 3 
9112
6 9113 1 9111 1 9114 2 9110 2 9115 3 9109 3 
3864
6 3865 1 3863 1 3866 2 3862 2 3867 3 3861 3 
8202
6 8203 1 8201 1 8204 2 8200 2 8205 3 8199 3 
7037
6 7038 1 7036 1 7039 2 7035 2 7040 3 7034 3 
8056
6 8057 1 8055 1 8058 2 8054 2 8059 3 8053 3 
12116
6 12117 1 12115 1 12118 2 12114 2 12119 3 12113 3 
3697
6 3698 1 3696 1 3699 2 3695 2 3700 3 3694 3 
4154
6 4155 1 4153 1 4156 2 4152 2 4157 3 4151 3 
12381
6 12382 1 12380 1 12383 2 12379 2 12384 3 12378 3 
10046
6 10047 1 10045 1 10048 2 10044 2 10049 3 10043 3 
757
6 758 1 756 1 759 2 755 2 760 3 754 3 
6956
6 6957 1 6955 1 6958 2 6954 2 6959 3 6953 3 
4661
6 4662 1 4660 1 4663 2 4659 2 4664 3 4658 3 
10977
6 10978 1 10976 1 10979 2 10975 2 10980 3 10974 3 
2885
6 2886 1 2884 1 2887 2 2883 2 2888 3 2882 3 
7732
6 7733 1 7731 1 7734 2 7730 2 7735 3 7729 3 
4627
6 4628 1 4626 1 4629 2 4625 2 4630 3 4624 3 
4623
6 4624 1 4622 1 4625 2 4621 2 4626 3 4620 3 
12332
6 12333 1 12331 1 12334 2 12330 2 12335 3 12329 3 
976
6 977 1 975 1 978 2 974 2 979 3 973 3 
1330
6 1331 1 1329 1 1332 2 1328 2 1333 3 1327 3 
8704
6 8705 1 8703 1 8706 2 8702 2 8707 3 8701 3 
4735
6 4736 1 4734 1 4737 2 4733 2 4738 3 4732 3 
3411
6 3412 1 3410 1 3413 2 3409 2 3414 3 3408 3 
7056
6 7057 1 7055 1 7058 2 7054 2 7059 3 7053 3 
3488
6 3489 1 3487 1 3490 2 3486 2 3491 3 3485 3 
8341
6 8342 1 8340 1 8343 2 8339 2 8344 3 8338 3 
9107
6 9108 1 9106 1 9109 2 9105 2 9110 3 9104 3 
6378
6 6379 1 6377 1 6380 2 6376 2 6381 3 6375 3 
12321
6 12322 1 12320 1 12323 2 12319 2 12324 3 12318 3 
5932
6 5933 1 5931 1 5934 2 5930 2 5935 3 5929 3 
6611
6 6612 1 6610 1 6613 2 6609 2 6614 3 6608 3 
6548
6 6549 1 6547 1 6550 2 6546 2 6551 3 6545 3 
1401
6 1402 1 1400 1 1403 2 1399 2 1404 3 1398 3 
10786
6 10787 1 10785 1 10788 2 10784 2 10789 3 10783 3 
5928
6 5929 1 5927 1 5930 2 5926 2 5931 3 5925 3 
10423
6 10424 1 10422 1 10425 2 10421 2 10426 3 10420 3 
7031
6 7032 1 7030 1 7033 2 7029 2 7034 3 7028 3 
7252
6 7253 1 7251 1 7254 2 7250 2 7255 3 7249 3 
7931
6 7932 1 7930 1 7933 2 7929 2 7934 3 7928 3 
6123
6 6124 1 6122 1 6125 2 6121 2 6126 3 6120 3 
2181
6 2182 1 2180 1 2183 2 2179 2 2184 3 2178 3 
10179
6 10180 1 10178 1 10181 2 10177 2 10182 3 10176 3 
5702
6 5703 1 5701 1 5704 2 5700 2 5705 3 5699 3 
1014
6 1015 1 1013 1 1016 2 1012 2 1017 3 1011 3 
1645
6 1646 1 1644 1 1647 2 1643 2 1648 3 1642 3 
4708
6 4709 1 4707 1 4710 2 4706 2 4711 3 4705 3 
1850
6 1851 1 1849 1 1852 2 1848 2 1853 3 1847 3 
617
6 618 1 616 1 619 2 615 2 620 3 614 3 
6411
6 6412 1 6410 1 6413 2 6409 2 6414 3 6408 3 
752
6 753 1 751 1 754 2 750 2 755 3 749 3 
4820
6 4821 1 4819 1 4822 2 4818 2 4823 3 4817 3 
